0	file:/Applications/mallet-2.0.8RC3/catherine/letters/.DS_Store	0.9904761904761905	0.002380952380952381	0.002380952380952381	0.002380952380952381	0.002380952380952381
1	file:/Applications/mallet-2.0.8RC3/catherine/letters/Lettere_001%20copyLibroSecondo.txt	0.3713355048859935	0.05211726384364821	0.49185667752442996	0.048859934853420196	0.035830618892508145
2	file:/Applications/mallet-2.0.8RC3/catherine/letters/Lettere_001.txt	0.40716612377850164	0.035830618892508145	0.44625407166123776	0.05863192182410423	0.05211726384364821
3	file:/Applications/mallet-2.0.8RC3/catherine/letters/Lettere_002%20copyLibroQuarto.txt	0.0963855421686747	0.1927710843373494	0.46987951807228917	0.20080321285140562	0.040160642570281124
4	file:/Applications/mallet-2.0.8RC3/catherine/letters/Lettere_002%20copyLibroQuinto.txt	0.01615508885298869	0.32310177705977383	0.030694668820678513	0.3974151857835218	0.23263327948303716
5	file:/Applications/mallet-2.0.8RC3/catherine/letters/Lettere_002%20copyLibroSecondo.txt	0.2852807283763278	0.06525037936267071	0.21547799696509864	0.1411229135053111	0.2928679817905918
6	file:/Applications/mallet-2.0.8RC3/catherine/letters/Lettere_002%20copyLibroSesto.txt	0.08333333333333333	0.1373873873873874	0.12162162162162163	0.536036036036036	0.12162162162162163
7	file:/Applications/mallet-2.0.8RC3/catherine/letters/Lettere_002%20copyLibroTerzo.txt	0.16723549488054607	0.051194539249146756	0.6484641638225256	0.034129692832764506	0.09897610921501707
8	file:/Applications/mallet-2.0.8RC3/catherine/letters/Lettere_002.txt	0.03825857519788918	0.20316622691292877	0.24802110817941952	0.27440633245382584	0.23614775725593667
9	file:/Applications/mallet-2.0.8RC3/catherine/letters/Lettere_003%20copyLibroQuarto.txt	0.01276595744680851	0.6595744680851063	0.16595744680851063	0.00851063829787234	0.15319148936170213
10	file:/Applications/mallet-2.0.8RC3/catherine/letters/Lettere_003%20copyLibroQuinto.txt	0.04500978473581213	0.14090019569471623	0.17025440313111545	0.13992172211350293	0.5039138943248532
11	file:/Applications/mallet-2.0.8RC3/catherine/letters/Lettere_003%20copyLibroSecondo.txt	0.046703296703296704	0.16758241758241757	0.5659340659340659	0.024725274725274724	0.19505494505494506
12	file:/Applications/mallet-2.0.8RC3/catherine/letters/Lettere_003%20copyLibroSesto.txt	0.18110236220472442	0.2559055118110236	0.05905511811023622	0.3937007874015748	0.11023622047244094
13	file:/Applications/mallet-2.0.8RC3/catherine/letters/Lettere_003%20copyLibroTerzo.txt	0.10954063604240283	0.045936395759717315	0.5335689045936396	0.254416961130742	0.05653710247349823
14	file:/Applications/mallet-2.0.8RC3/catherine/letters/Lettere_003.txt	0.19318181818181818	0.11079545454545454	0.40625	0.07954545454545454	0.21022727272727273
15	file:/Applications/mallet-2.0.8RC3/catherine/letters/Lettere_004%20copyLibroQuarto.txt	0.017699115044247787	0.4668141592920354	0.23672566371681417	0.1084070796460177	0.17035398230088494
16	file:/Applications/mallet-2.0.8RC3/catherine/letters/Lettere_004%20copyLibroQuinto.txt	0.17286245353159851	0.07992565055762081	0.35687732342007433	0.1579925650557621	0.23234200743494424
17	file:/Applications/mallet-2.0.8RC3/catherine/letters/Lettere_004%20copyLibroSecondo.txt	0.10043668122270742	0.048034934497816595	0.7947598253275109	0.013100436681222707	0.043668122270742356
18	file:/Applications/mallet-2.0.8RC3/catherine/letters/Lettere_004%20copyLibroSesto.txt	0.07733333333333334	0.08533333333333333	0.13333333333333333	0.6666666666666666	0.037333333333333336
19	file:/Applications/mallet-2.0.8RC3/catherine/letters/Lettere_004%20copyLibroTerzo.txt	0.1040268456375839	0.09060402684563758	0.6174496644295302	0.15436241610738255	0.03355704697986577
20	file:/Applications/mallet-2.0.8RC3/catherine/letters/Lettere_004.txt	0.07423580786026202	0.09170305676855896	0.7554585152838428	0.017467248908296942	0.0611353711790393
21	file:/Applications/mallet-2.0.8RC3/catherine/letters/Lettere_005%20copyLibroQuarto.txt	0.025817555938037865	0.2633390705679862	0.2977624784853701	0.30120481927710846	0.11187607573149742
22	file:/Applications/mallet-2.0.8RC3/catherine/letters/Lettere_005%20copyLibroQuinto.txt	0.0360082304526749	0.338477366255144	0.021604938271604937	0.1337448559670782	0.47016460905349794
23	file:/Applications/mallet-2.0.8RC3/catherine/letters/Lettere_005%20copyLibroSecondo.txt	0.11336032388663968	0.0931174089068826	0.4291497975708502	0.145748987854251	0.21862348178137653
24	file:/Applications/mallet-2.0.8RC3/catherine/letters/Lettere_005%20copyLibroSesto.txt	0.017857142857142856	0.4107142857142857	0.017857142857142856	0.41964285714285715	0.13392857142857142
25	file:/Applications/mallet-2.0.8RC3/catherine/letters/Lettere_005%20copyLibroTerzo.txt	0.04666666666666667	0.26666666666666666	0.42	0.26	0.006666666666666667
26	file:/Applications/mallet-2.0.8RC3/catherine/letters/Lettere_005.txt	0.055944055944055944	0.16317016317016317	0.43123543123543123	0.2727272727272727	0.07692307692307693
27	file:/Applications/mallet-2.0.8RC3/catherine/letters/Lettere_006%20copyLibroQuarto.txt	0.0783132530120482	0.25903614457831325	0.4397590361445783	0.0783132530120482	0.14457831325301204
28	file:/Applications/mallet-2.0.8RC3/catherine/letters/Lettere_006%20copyLibroQuinto.txt	0.24567474048442905	0.157439446366782	0.22145328719723184	0.17128027681660898	0.2041522491349481
29	file:/Applications/mallet-2.0.8RC3/catherine/letters/Lettere_006%20copyLibroSecondo.txt	0.3168724279835391	0.037037037037037035	0.5205761316872428	0.05555555555555555	0.06995884773662552
30	file:/Applications/mallet-2.0.8RC3/catherine/letters/Lettere_006%20copyLibroSesto.txt	0.020833333333333332	0.4583333333333333	0.0625	0.375	0.08333333333333333
31	file:/Applications/mallet-2.0.8RC3/catherine/letters/Lettere_006%20copyLibroTerzo.txt	0.1794871794871795	0.02564102564102564	0.7435897435897436	0.01282051282051282	0.038461538461538464
32	file:/Applications/mallet-2.0.8RC3/catherine/letters/Lettere_006.txt	0.17588932806324112	0.0533596837944664	0.39920948616600793	0.15019762845849802	0.22134387351778656
33	file:/Applications/mallet-2.0.8RC3/catherine/letters/Lettere_007%20copyLibroQuarto.txt	0.05321507760532151	0.24390243902439024	0.36807095343680707	0.2638580931263858	0.07095343680709534
34	file:/Applications/mallet-2.0.8RC3/catherine/letters/Lettere_007%20copyLibroQuinto.txt	0.0423572744014733	0.3397790055248619	0.055248618784530384	0.13812154696132597	0.4244935543278085
35	file:/Applications/mallet-2.0.8RC3/catherine/letters/Lettere_007%20copyLibroSecondo.txt	0.425531914893617	0.05673758865248227	0.3404255319148936	0.03900709219858156	0.13829787234042554
36	file:/Applications/mallet-2.0.8RC3/catherine/letters/Lettere_007%20copyLibroSesto.txt	0.10067114093959731	0.41946308724832215	0.07046979865771812	0.24496644295302014	0.1644295302013423
37	file:/Applications/mallet-2.0.8RC3/catherine/letters/Lettere_007%20copyLibroTerzo.txt	0.12055335968379446	0.09090909090909091	0.5098814229249012	0.08102766798418973	0.1976284584980237
38	file:/Applications/mallet-2.0.8RC3/catherine/letters/Lettere_007.txt	0.06866952789699571	0.13590844062947066	0.2145922746781116	0.21888412017167383	0.36194563662374823
39	file:/Applications/mallet-2.0.8RC3/catherine/letters/Lettere_008%20copyLibroQuarto.txt	0.021052631578947368	0.5736842105263158	0.23421052631578948	0.09210526315789473	0.07894736842105263
40	file:/Applications/mallet-2.0.8RC3/catherine/letters/Lettere_008%20copyLibroQuinto.txt	0.20031545741324921	0.08911671924290221	0.1443217665615142	0.1892744479495268	0.37697160883280756
41	file:/Applications/mallet-2.0.8RC3/catherine/letters/Lettere_008%20copyLibroSecondo.txt	0.28746928746928746	0.09828009828009827	0.257985257985258	0.2113022113022113	0.14496314496314497
42	file:/Applications/mallet-2.0.8RC3/catherine/letters/Lettere_008%20copyLibroSesto.txt	0.15548281505728315	0.3895253682487725	0.03273322422258593	0.25859247135842883	0.16366612111292964
43	file:/Applications/mallet-2.0.8RC3/catherine/letters/Lettere_008%20copyLibroTerzo.txt	0.10914454277286136	0.05309734513274336	0.6253687315634219	0.1592920353982301	0.05309734513274336
44	file:/Applications/mallet-2.0.8RC3/catherine/letters/Lettere_008.txt	0.08163265306122448	0.20816326530612245	0.3489795918367347	0.23061224489795917	0.1306122448979592
45	file:/Applications/mallet-2.0.8RC3/catherine/letters/Lettere_009%20copyLibroQuarto.txt	0.14454976303317535	0.05924170616113744	0.5616113744075829	0.18246445497630331	0.052132701421800945
46	file:/Applications/mallet-2.0.8RC3/catherine/letters/Lettere_009%20copyLibroQuinto.txt	0.13696060037523453	0.08348968105065666	0.2129455909943715	0.274859287054409	0.29174484052532834
47	file:/Applications/mallet-2.0.8RC3/catherine/letters/Lettere_009%20copyLibroSecondo.txt	0.22710163111668757	0.15683814303638646	0.4466750313676286	0.12923462986198245	0.04015056461731493
48	file:/Applications/mallet-2.0.8RC3/catherine/letters/Lettere_009%20copyLibroSesto.txt	0.024475524475524476	0.0979020979020979	0.32867132867132864	0.38927738927738925	0.15967365967365968
49	file:/Applications/mallet-2.0.8RC3/catherine/letters/Lettere_009%20copyLibroTerzo.txt	0.14285714285714285	0.15510204081632653	0.5551020408163265	0.11020408163265306	0.036734693877551024
50	file:/Applications/mallet-2.0.8RC3/catherine/letters/Lettere_009.txt	0.17763157894736842	0.046052631578947366	0.48026315789473684	0.1118421052631579	0.18421052631578946
51	file:/Applications/mallet-2.0.8RC3/catherine/letters/Lettere_010%20copyLibroQuarto.txt	0.04218362282878412	0.4292803970223325	0.1935483870967742	0.18114143920595532	0.15384615384615385
52	file:/Applications/mallet-2.0.8RC3/catherine/letters/Lettere_010%20copyLibroQuinto.txt	0.08602150537634409	0.08064516129032258	0.3225806451612903	0.0967741935483871	0.41397849462365593
53	file:/Applications/mallet-2.0.8RC3/catherine/letters/Lettere_010%20copyLibroSecondo.txt	0.22071307300509338	0.035653650254668934	0.18845500848896435	0.1697792869269949	0.3853989813242784
54	file:/Applications/mallet-2.0.8RC3/catherine/letters/Lettere_010%20copyLibroSesto.txt	0.007042253521126761	0.07746478873239436	0.5211267605633803	0.30985915492957744	0.08450704225352113
55	file:/Applications/mallet-2.0.8RC3/catherine/letters/Lettere_010%20copyLibroTerzo.txt	0.013513513513513514	0.04054054054054054	0.7207207207207207	0.07657657657657657	0.14864864864864866
56	file:/Applications/mallet-2.0.8RC3/catherine/letters/Lettere_010.txt	0.11940298507462686	0.07462686567164178	0.40298507462686567	0.033582089552238806	0.3694029850746269
57	file:/Applications/mallet-2.0.8RC3/catherine/letters/Lettere_011%20copyLibroQuarto.txt	0.07967032967032966	0.5604395604395604	0.11401098901098901	0.07967032967032966	0.1662087912087912
58	file:/Applications/mallet-2.0.8RC3/catherine/letters/Lettere_011%20copyLibroQuinto.txt	0.17699115044247787	0.252212389380531	0.415929203539823	0.004424778761061947	0.1504424778761062
59	file:/Applications/mallet-2.0.8RC3/catherine/letters/Lettere_011%20copyLibroSecondo.txt	0.40969162995594716	0.04140969162995595	0.12599118942731277	0.2563876651982379	0.16651982378854627
60	file:/Applications/mallet-2.0.8RC3/catherine/letters/Lettere_011%20copyLibroSesto.txt	0.04519774011299435	0.08757062146892655	0.22598870056497175	0.5	0.14124293785310735
61	file:/Applications/mallet-2.0.8RC3/catherine/letters/Lettere_011%20copyLibroTerzo.txt	0.12060301507537688	0.16750418760469013	0.45896147403685095	0.20435510887772193	0.048576214405360134
62	file:/Applications/mallet-2.0.8RC3/catherine/letters/Lettere_011.txt	0.10101010101010101	0.16161616161616163	0.5252525252525253	0.0707070707070707	0.1414141414141414
63	file:/Applications/mallet-2.0.8RC3/catherine/letters/Lettere_012%20copyLibroQuarto.txt	0.04878048780487805	0.03353658536585366	0.25914634146341464	0.3384146341463415	0.3201219512195122
64	file:/Applications/mallet-2.0.8RC3/catherine/letters/Lettere_012%20copyLibroQuinto.txt	0.052	0.148	0.18	0.15866666666666668	0.4613333333333333
65	file:/Applications/mallet-2.0.8RC3/catherine/letters/Lettere_012%20copyLibroSecondo.txt	0.23387096774193547	0.11021505376344086	0.26344086021505375	0.2916666666666667	0.10080645161290322
66	file:/Applications/mallet-2.0.8RC3/catherine/letters/Lettere_012%20copyLibroSesto.txt	0.12637362637362637	0.14835164835164835	0.05860805860805861	0.5787545787545788	0.08791208791208792
67	file:/Applications/mallet-2.0.8RC3/catherine/letters/Lettere_012%20copyLibroTerzo.txt	0.2898330804248862	0.05007587253414264	0.44157814871016693	0.11532625189681335	0.10318664643399089
68	file:/Applications/mallet-2.0.8RC3/catherine/letters/Lettere_012.txt	0.024518388791593695	0.3975481611208406	0.1978984238178634	0.2171628721541156	0.1628721541155867
69	file:/Applications/mallet-2.0.8RC3/catherine/letters/Lettere_013%20copyLibroQuarto.txt	0.15371621621621623	0.060810810810810814	0.19763513513513514	0.1875	0.40033783783783783
70	file:/Applications/mallet-2.0.8RC3/catherine/letters/Lettere_013%20copyLibroQuinto.txt	0.14720812182741116	0.19035532994923857	0.1802030456852792	0.30456852791878175	0.17766497461928935
71	file:/Applications/mallet-2.0.8RC3/catherine/letters/Lettere_013%20copyLibroSecondo.txt	0.1266294227188082	0.027932960893854747	0.35567970204841715	0.15456238361266295	0.33519553072625696
72	file:/Applications/mallet-2.0.8RC3/catherine/letters/Lettere_013%20copyLibroSesto.txt	0.06417112299465241	0.42245989304812837	0.13903743315508021	0.2620320855614973	0.11229946524064172
73	file:/Applications/mallet-2.0.8RC3/catherine/letters/Lettere_013%20copyLibroTerzo.txt	0.3305084745762712	0.05273069679849341	0.1713747645951036	0.15725047080979285	0.288135593220339
74	file:/Applications/mallet-2.0.8RC3/catherine/letters/Lettere_013.txt	0.03498542274052478	0.4314868804664723	0.41690962099125367	0.06705539358600583	0.04956268221574344
75	file:/Applications/mallet-2.0.8RC3/catherine/letters/Lettere_014%20copyLibroQuarto.txt	0.16875	0.075	0.565625	0.05625	0.134375
76	file:/Applications/mallet-2.0.8RC3/catherine/letters/Lettere_014%20copyLibroQuinto.txt	0.012903225806451613	0.5290322580645161	0.2838709677419355	0.01935483870967742	0.15483870967741936
77	file:/Applications/mallet-2.0.8RC3/catherine/letters/Lettere_014%20copyLibroSecondo.txt	0.272	0.046	0.464	0.072	0.146
78	file:/Applications/mallet-2.0.8RC3/catherine/letters/Lettere_014%20copyLibroSesto.txt	0.019230769230769232	0.3423076923076923	0.15384615384615385	0.4461538461538462	0.038461538461538464
79	file:/Applications/mallet-2.0.8RC3/catherine/letters/Lettere_014%20copyLibroTerzo.txt	0.07889908256880734	0.11009174311926606	0.3944954128440367	0.3412844036697248	0.07522935779816514
80	file:/Applications/mallet-2.0.8RC3/catherine/letters/Lettere_014.txt	0.16108247422680413	0.07216494845360824	0.19845360824742267	0.23840206185567012	0.32989690721649484
81	file:/Applications/mallet-2.0.8RC3/catherine/letters/Lettere_015%20copyLibroQuarto.txt	0.021413276231263382	0.12633832976445397	0.4282655246252677	0.32548179871520344	0.09850107066381156
82	file:/Applications/mallet-2.0.8RC3/catherine/letters/Lettere_015%20copyLibroQuinto.txt	0.07964601769911504	0.336283185840708	0.415929203539823	0.04424778761061947	0.12389380530973451
83	file:/Applications/mallet-2.0.8RC3/catherine/letters/Lettere_015%20copyLibroSecondo.txt	0.03225806451612903	0.07526881720430108	0.44086021505376344	0.41935483870967744	0.03225806451612903
84	file:/Applications/mallet-2.0.8RC3/catherine/letters/Lettere_015%20copyLibroSesto.txt	0.06401384083044982	0.07785467128027682	0.1314878892733564	0.5121107266435986	0.21453287197231835
85	file:/Applications/mallet-2.0.8RC3/catherine/letters/Lettere_015%20copyLibroTerzo.txt	0.14093959731543623	0.013422818791946308	0.5906040268456376	0.22818791946308725	0.026845637583892617
86	file:/Applications/mallet-2.0.8RC3/catherine/letters/Lettere_015.txt	0.0667574931880109	0.34877384196185285	0.40054495912806537	0.10217983651226158	0.08174386920980926
87	file:/Applications/mallet-2.0.8RC3/catherine/letters/Lettere_016%20copyLibroQuarto.txt	0.09090909090909091	0.08080808080808081	0.5505050505050505	0.13131313131313133	0.14646464646464646
88	file:/Applications/mallet-2.0.8RC3/catherine/letters/Lettere_016%20copyLibroQuinto.txt	0.019867549668874173	0.543046357615894	0.2185430463576159	0.1390728476821192	0.07947019867549669
89	file:/Applications/mallet-2.0.8RC3/catherine/letters/Lettere_016%20copyLibroSecondo.txt	0.0944206008583691	0.06437768240343347	0.19957081545064378	0.259656652360515	0.38197424892703863
90	file:/Applications/mallet-2.0.8RC3/catherine/letters/Lettere_016%20copyLibroSesto.txt	0.09774436090225563	0.15789473684210525	0.14285714285714285	0.5263157894736842	0.07518796992481203
91	file:/Applications/mallet-2.0.8RC3/catherine/letters/Lettere_016%20copyLibroTerzo.txt	0.23870967741935484	0.12387096774193548	0.17806451612903226	0.05806451612903226	0.4012903225806452
92	file:/Applications/mallet-2.0.8RC3/catherine/letters/Lettere_016.txt	0.03932584269662921	0.25842696629213485	0.5112359550561798	0.08426966292134831	0.10674157303370786
93	file:/Applications/mallet-2.0.8RC3/catherine/letters/Lettere_017%20copyLibroQuarto.txt	0.2275132275132275	0.06349206349206349	0.37566137566137564	0.14285714285714285	0.19047619047619047
94	file:/Applications/mallet-2.0.8RC3/catherine/letters/Lettere_017%20copyLibroQuinto.txt	0.2329896907216495	0.4061855670103093	0.0577319587628866	0.12577319587628866	0.177319587628866
95	file:/Applications/mallet-2.0.8RC3/catherine/letters/Lettere_017%20copyLibroSecondo.txt	0.10657596371882086	0.009070294784580499	0.29024943310657597	0.42630385487528344	0.16780045351473924
96	file:/Applications/mallet-2.0.8RC3/catherine/letters/Lettere_017%20copyLibroSesto.txt	0.1275797373358349	0.34146341463414637	0.0975609756097561	0.3076923076923077	0.12570356472795496
97	file:/Applications/mallet-2.0.8RC3/catherine/letters/Lettere_017%20copyLibroTerzo.txt	0.08947368421052632	0.4368421052631579	0.2894736842105263	0.1	0.08421052631578947
98	file:/Applications/mallet-2.0.8RC3/catherine/letters/Lettere_017.txt	0.13966480446927373	0.24581005586592178	0.4245810055865922	0.11731843575418995	0.07262569832402235
99	file:/Applications/mallet-2.0.8RC3/catherine/letters/Lettere_018%20copyLibroQuarto.txt	0.1647940074906367	0.2883895131086142	0.36704119850187267	0.1348314606741573	0.0449438202247191
100	file:/Applications/mallet-2.0.8RC3/catherine/letters/Lettere_018%20copyLibroQuinto.txt	0.06345177664974619	0.28426395939086296	0.4010152284263959	0.08121827411167512	0.1700507614213198
101	file:/Applications/mallet-2.0.8RC3/catherine/letters/Lettere_018%20copyLibroSecondo.txt	0.19658119658119658	0.008547008547008548	0.7350427350427351	0.03418803418803419	0.02564102564102564
102	file:/Applications/mallet-2.0.8RC3/catherine/letters/Lettere_018%20copyLibroTerzo.txt	0.03143418467583497	0.3575638506876228	0.22396856581532418	0.22593320235756384	0.16110019646365423
103	file:/Applications/mallet-2.0.8RC3/catherine/letters/Lettere_018.txt	0.05291005291005291	0.14285714285714285	0.30158730158730157	0.2962962962962963	0.20634920634920634
104	file:/Applications/mallet-2.0.8RC3/catherine/letters/Lettere_019%20copyLibroQuarto.txt	0.21782178217821782	0.10891089108910891	0.6237623762376238	0.039603960396039604	0.009900990099009901
105	file:/Applications/mallet-2.0.8RC3/catherine/letters/Lettere_019%20copyLibroQuinto.txt	0.11959287531806616	0.49363867684478374	0.08396946564885496	0.09923664122137404	0.2035623409669211
106	file:/Applications/mallet-2.0.8RC3/catherine/letters/Lettere_019%20copyLibroSecondo.txt	0.07279693486590039	0.34099616858237547	0.23180076628352492	0.1839080459770115	0.17049808429118773
107	file:/Applications/mallet-2.0.8RC3/catherine/letters/Lettere_019%20copyLibroTerzo.txt	0.11510791366906475	0.1618705035971223	0.6079136690647482	0.06474820143884892	0.050359712230215826
108	file:/Applications/mallet-2.0.8RC3/catherine/letters/Lettere_019.txt	0.16666666666666666	0.2916666666666667	0.3958333333333333	0.1111111111111111	0.034722222222222224
109	file:/Applications/mallet-2.0.8RC3/catherine/letters/Lettere_020%20copyLibroQuarto.txt	0.18613138686131386	0.40693430656934304	0.15328467153284672	0.14963503649635038	0.10401459854014598
110	file:/Applications/mallet-2.0.8RC3/catherine/letters/Lettere_020%20copyLibroQuinto.txt	0.16798418972332016	0.12648221343873517	0.39920948616600793	0.08695652173913043	0.21936758893280633
111	file:/Applications/mallet-2.0.8RC3/catherine/letters/Lettere_020%20copyLibroSecondo.txt	0.2233502538071066	0.09137055837563451	0.5177664974619289	0.07106598984771574	0.09644670050761421
112	file:/Applications/mallet-2.0.8RC3/catherine/letters/Lettere_020%20copyLibroTerzo.txt	0.27448979591836736	0.13979591836734695	0.1336734693877551	0.1346938775510204	0.3173469387755102
113	file:/Applications/mallet-2.0.8RC3/catherine/letters/Lettere_020.txt	0.09349593495934959	0.16260162601626016	0.516260162601626	0.06910569105691057	0.15853658536585366
114	file:/Applications/mallet-2.0.8RC3/catherine/letters/Lettere_021%20copyLibroQuarto.txt	0.03697996918335902	0.10015408320493066	0.4637904468412943	0.21417565485362094	0.18489984591679506
115	file:/Applications/mallet-2.0.8RC3/catherine/letters/Lettere_021%20copyLibroQuinto.txt	0.0957683741648107	0.20489977728285078	0.1915367483296214	0.09799554565701558	0.40979955456570155
116	file:/Applications/mallet-2.0.8RC3/catherine/letters/Lettere_021%20copyLibroSecondo.txt	0.20375865479723046	0.16221562809099901	0.1552917903066271	0.29574678536102866	0.18298714144411474
117	file:/Applications/mallet-2.0.8RC3/catherine/letters/Lettere_021%20copyLibroTerzo.txt	0.008051529790660225	0.34299516908212563	0.21900161030595813	0.1642512077294686	0.26570048309178745
118	file:/Applications/mallet-2.0.8RC3/catherine/letters/Lettere_021.txt	0.10571428571428572	0.17714285714285713	0.30857142857142855	0.15714285714285714	0.25142857142857145
119	file:/Applications/mallet-2.0.8RC3/catherine/letters/Lettere_022%20copyLibroQuarto.txt	0.019417475728155338	0.18862690707350901	0.21220527045769763	0.40360610263522884	0.17614424410540916
120	file:/Applications/mallet-2.0.8RC3/catherine/letters/Lettere_022%20copyLibroQuinto.txt	0.20327868852459016	0.2262295081967213	0.17704918032786884	0.036065573770491806	0.35737704918032787
121	file:/Applications/mallet-2.0.8RC3/catherine/letters/Lettere_022%20copyLibroSecondo.txt	0.1302170283806344	0.05509181969949917	0.44574290484140233	0.25208681135225375	0.11686143572621036
122	file:/Applications/mallet-2.0.8RC3/catherine/letters/Lettere_022%20copyLibroTerzo.txt	0.13526570048309178	0.0748792270531401	0.4468599033816425	0.26811594202898553	0.0748792270531401
123	file:/Applications/mallet-2.0.8RC3/catherine/letters/Lettere_022.txt	0.32062780269058294	0.04035874439461883	0.20179372197309417	0.08744394618834081	0.34977578475336324
124	file:/Applications/mallet-2.0.8RC3/catherine/letters/Lettere_023%20copyLibroQuarto.txt	0.013245033112582781	0.5927152317880795	0.2119205298013245	0.12251655629139073	0.059602649006622516
125	file:/Applications/mallet-2.0.8RC3/catherine/letters/Lettere_023%20copyLibroQuinto.txt	0.18012422360248448	0.15734989648033126	0.2194616977225673	0.15320910973084886	0.2898550724637681
126	file:/Applications/mallet-2.0.8RC3/catherine/letters/Lettere_023%20copyLibroSecondo.txt	0.2990936555891239	0.09063444108761329	0.18277945619335348	0.3323262839879154	0.09516616314199396
127	file:/Applications/mallet-2.0.8RC3/catherine/letters/Lettere_023%20copyLibroTerzo.txt	0.07894736842105263	0.41228070175438597	0.32456140350877194	0.09649122807017543	0.08771929824561403
128	file:/Applications/mallet-2.0.8RC3/catherine/letters/Lettere_023.txt	0.028011204481792718	0.26750700280112044	0.28991596638655465	0.24649859943977592	0.16806722689075632
129	file:/Applications/mallet-2.0.8RC3/catherine/letters/Lettere_024%20copyLibroQuarto.txt	0.08981233243967829	0.1487935656836461	0.3605898123324397	0.0777479892761394	0.3230563002680965
130	file:/Applications/mallet-2.0.8RC3/catherine/letters/Lettere_024%20copyLibroQuinto.txt	0.2879581151832461	0.1256544502617801	0.2617801047120419	0.1518324607329843	0.17277486910994763
131	file:/Applications/mallet-2.0.8RC3/catherine/letters/Lettere_024%20copyLibroSecondo.txt	0.06888888888888889	0.09777777777777778	0.6866666666666666	0.051111111111111114	0.09555555555555556
132	file:/Applications/mallet-2.0.8RC3/catherine/letters/Lettere_024%20copyLibroTerzo.txt	0.15348837209302327	0.046511627906976744	0.4604651162790698	0.06976744186046512	0.26976744186046514
133	file:/Applications/mallet-2.0.8RC3/catherine/letters/Lettere_024.txt	0.4484848484848485	0.00202020202020202	0.24848484848484848	0.1393939393939394	0.16161616161616163
134	file:/Applications/mallet-2.0.8RC3/catherine/letters/Lettere_025%20copyLibroQuarto.txt	0.06666666666666667	0.14222222222222222	0.34	0.12444444444444444	0.32666666666666666
135	file:/Applications/mallet-2.0.8RC3/catherine/letters/Lettere_025%20copyLibroQuinto.txt	0.15419501133786848	0.14058956916099774	0.36961451247165533	0.06349206349206349	0.272108843537415
136	file:/Applications/mallet-2.0.8RC3/catherine/letters/Lettere_025%20copyLibroSecondo.txt	0.020161290322580645	0.5443548387096774	0.23387096774193547	0.06048387096774194	0.14112903225806453
137	file:/Applications/mallet-2.0.8RC3/catherine/letters/Lettere_025%20copyLibroTerzo.txt	0.25	0.175	0.31875	0.125	0.13125
138	file:/Applications/mallet-2.0.8RC3/catherine/letters/Lettere_025.txt	0.07692307692307693	0.06072874493927125	0.4979757085020243	0.024291497975708502	0.340080971659919
139	file:/Applications/mallet-2.0.8RC3/catherine/letters/Lettere_026%20copyLibroQuarto.txt	0.1424	0.2368	0.2064	0.2544	0.16
140	file:/Applications/mallet-2.0.8RC3/catherine/letters/Lettere_026%20copyLibroQuinto.txt	0.029871977240398292	0.23044096728307253	0.10099573257467995	0.43385490753911804	0.20483641536273114
141	file:/Applications/mallet-2.0.8RC3/catherine/letters/Lettere_026%20copyLibroSecondo.txt	0.07125890736342043	0.171021377672209	0.4916864608076009	0.1543942992874109	0.11163895486935867
142	file:/Applications/mallet-2.0.8RC3/catherine/letters/Lettere_026%20copyLibroTerzo.txt	0.06172839506172839	0.2716049382716049	0.43209876543209874	0.1728395061728395	0.06172839506172839
143	file:/Applications/mallet-2.0.8RC3/catherine/letters/Lettere_026.txt	0.05813953488372093	0.3627906976744186	0.2651162790697674	0.20232558139534884	0.11162790697674418
144	file:/Applications/mallet-2.0.8RC3/catherine/letters/Lettere_027%20copyLibroQuarto.txt	0.10442477876106195	0.048672566371681415	0.3185840707964602	0.2902654867256637	0.23805309734513275
145	file:/Applications/mallet-2.0.8RC3/catherine/letters/Lettere_027%20copyLibroQuinto.txt	0.0368763557483731	0.29067245119305857	0.12581344902386118	0.2603036876355748	0.28633405639913234
146	file:/Applications/mallet-2.0.8RC3/catherine/letters/Lettere_027%20copyLibroSecondo.txt	0.07878787878787878	0.4727272727272727	0.3939393939393939	0.012121212121212121	0.04242424242424243
147	file:/Applications/mallet-2.0.8RC3/catherine/letters/Lettere_027%20copyLibroTerzo.txt	0.027131782945736434	0.1434108527131783	0.4496124031007752	0.3178294573643411	0.06201550387596899
148	file:/Applications/mallet-2.0.8RC3/catherine/letters/Lettere_027.txt	0.02631578947368421	0.2593984962406015	0.3101503759398496	0.22650375939849623	0.17763157894736842
149	file:/Applications/mallet-2.0.8RC3/catherine/letters/Lettere_028%20copyLibroQuarto.txt	0.15212981744421908	0.1724137931034483	0.11764705882352941	0.09127789046653144	0.4665314401622718
150	file:/Applications/mallet-2.0.8RC3/catherine/letters/Lettere_028%20copyLibroQuinto.txt	0.3153153153153153	0.07207207207207207	0.12387387387387387	0.1768018018018018	0.3119369369369369
151	file:/Applications/mallet-2.0.8RC3/catherine/letters/Lettere_028%20copyLibroSecondo.txt	0.07888888888888888	0.16666666666666666	0.38555555555555554	0.19777777777777777	0.1711111111111111
152	file:/Applications/mallet-2.0.8RC3/catherine/letters/Lettere_028%20copyLibroTerzo.txt	0.06586021505376344	0.30510752688172044	0.39381720430107525	0.16666666666666666	0.06854838709677419
153	file:/Applications/mallet-2.0.8RC3/catherine/letters/Lettere_028.txt	0.02962962962962963	0.1728395061728395	0.5654320987654321	0.12345679012345678	0.10864197530864197
154	file:/Applications/mallet-2.0.8RC3/catherine/letters/Lettere_029%20copyLibroQuarto.txt	0.08163265306122448	0.2612244897959184	0.3142857142857143	0.036734693877551024	0.30612244897959184
155	file:/Applications/mallet-2.0.8RC3/catherine/letters/Lettere_029%20copyLibroQuinto.txt	0.34295415959252973	0.06112054329371817	0.16723259762308998	0.14091680814940577	0.28777589134125636
156	file:/Applications/mallet-2.0.8RC3/catherine/letters/Lettere_029%20copyLibroSecondo.txt	0.08677685950413223	0.09917355371900827	0.41735537190082644	0.045454545454545456	0.3512396694214876
157	file:/Applications/mallet-2.0.8RC3/catherine/letters/Lettere_029%20copyLibroTerzo.txt	0.1328125	0.015625	0.5390625	0.1015625	0.2109375
158	file:/Applications/mallet-2.0.8RC3/catherine/letters/Lettere_029.txt	0.13086770981507823	0.19203413940256045	0.4566145092460882	0.1507823613086771	0.06970128022759602
159	file:/Applications/mallet-2.0.8RC3/catherine/letters/Lettere_030%20copyLibroQuarto.txt	0.2795497185741088	0.03564727954971857	0.30206378986866794	0.22138836772983114	0.16135084427767354
160	file:/Applications/mallet-2.0.8RC3/catherine/letters/Lettere_030%20copyLibroQuinto.txt	0.037037037037037035	0.15020576131687244	0.6049382716049383	0.02880658436213992	0.17901234567901234
161	file:/Applications/mallet-2.0.8RC3/catherine/letters/Lettere_030%20copyLibroSecondo.txt	0.12249443207126949	0.20489977728285078	0.24053452115812918	0.289532293986637	0.14253897550111358
162	file:/Applications/mallet-2.0.8RC3/catherine/letters/Lettere_030%20copyLibroTerzo.txt	0.07052023121387284	0.1815028901734104	0.40346820809248557	0.2323699421965318	0.11213872832369942
163	file:/Applications/mallet-2.0.8RC3/catherine/letters/Lettere_030.txt	0.5055803571428571	0.015625	0.18861607142857142	0.125	0.16517857142857142
164	file:/Applications/mallet-2.0.8RC3/catherine/letters/Lettere_031%20copyLibroQuarto.txt	0.2824207492795389	0.043227665706051875	0.2824207492795389	0.22622478386167147	0.16570605187319884
165	file:/Applications/mallet-2.0.8RC3/catherine/letters/Lettere_031%20copyLibroQuinto.txt	0.1675338189386056	0.05098855359001041	0.14151925078043703	0.19667013527575442	0.4432882414151925
166	file:/Applications/mallet-2.0.8RC3/catherine/letters/Lettere_031%20copyLibroSecondo.txt	0.32147395171537485	0.09783989834815757	0.26937738246505716	0.14358322744599747	0.16772554002541296
167	file:/Applications/mallet-2.0.8RC3/catherine/letters/Lettere_031%20copyLibroTerzo.txt	0.06411837237977805	0.4081381011097411	0.2281134401972873	0.19482120838471023	0.10480887792848335
168	file:/Applications/mallet-2.0.8RC3/catherine/letters/Lettere_031.txt	0.04672897196261682	0.16510903426791276	0.40498442367601245	0.07476635514018691	0.308411214953271
169	file:/Applications/mallet-2.0.8RC3/catherine/letters/Lettere_032%20copyLibroQuarto.txt	0.19960474308300397	0.06719367588932806	0.1956521739130435	0.30039525691699603	0.23715415019762845
170	file:/Applications/mallet-2.0.8RC3/catherine/letters/Lettere_032%20copyLibroQuinto.txt	0.07494145199063232	0.2576112412177986	0.13817330210772832	0.3325526932084309	0.19672131147540983
171	file:/Applications/mallet-2.0.8RC3/catherine/letters/Lettere_032%20copyLibroSecondo.txt	0.09523809523809523	0.319047619047619	0.45714285714285713	0.06666666666666667	0.06190476190476191
172	file:/Applications/mallet-2.0.8RC3/catherine/letters/Lettere_032%20copyLibroTerzo.txt	0.0844062947067239	0.3419170243204578	0.2646638054363376	0.10872675250357654	0.20028612303290416
173	file:/Applications/mallet-2.0.8RC3/catherine/letters/Lettere_032.txt	0.10208333333333333	0.12604166666666666	0.43645833333333334	0.25104166666666666	0.084375
174	file:/Applications/mallet-2.0.8RC3/catherine/letters/Lettere_033%20copyLibroQuarto.txt	0.07758620689655173	0.14224137931034483	0.4267241379310345	0.1400862068965517	0.21336206896551724
175	file:/Applications/mallet-2.0.8RC3/catherine/letters/Lettere_033%20copyLibroQuinto.txt	0.08882521489971347	0.07879656160458452	0.2521489971346705	0.3954154727793696	0.18481375358166188
176	file:/Applications/mallet-2.0.8RC3/catherine/letters/Lettere_033%20copyLibroSecondo.txt	0.1388888888888889	0.041666666666666664	0.6527777777777778	0.1527777777777778	0.013888888888888888
177	file:/Applications/mallet-2.0.8RC3/catherine/letters/Lettere_033%20copyLibroTerzo.txt	0.26627218934911245	0.16863905325443787	0.30177514792899407	0.0650887573964497	0.19822485207100593
178	file:/Applications/mallet-2.0.8RC3/catherine/letters/Lettere_033.txt	0.18457943925233644	0.11682242990654206	0.308411214953271	0.20794392523364486	0.1822429906542056
179	file:/Applications/mallet-2.0.8RC3/catherine/letters/Lettere_034%20copyLibroQuarto.txt	0.08264462809917356	0.08028335301062574	0.2668240850059032	0.36363636363636365	0.2066115702479339
180	file:/Applications/mallet-2.0.8RC3/catherine/letters/Lettere_034%20copyLibroQuinto.txt	0.1919191919191919	0.2545454545454545	0.27474747474747474	0.10505050505050505	0.17373737373737375
181	file:/Applications/mallet-2.0.8RC3/catherine/letters/Lettere_034%20copyLibroSecondo.txt	0.09961685823754789	0.26436781609195403	0.4482758620689655	0.09195402298850575	0.09578544061302682
182	file:/Applications/mallet-2.0.8RC3/catherine/letters/Lettere_034%20copyLibroTerzo.txt	0.21653543307086615	0.011811023622047244	0.33858267716535434	0.08267716535433071	0.35039370078740156
183	file:/Applications/mallet-2.0.8RC3/catherine/letters/Lettere_034.txt	0.22359396433470508	0.15363511659807957	0.37448559670781895	0.13443072702331962	0.11385459533607682
184	file:/Applications/mallet-2.0.8RC3/catherine/letters/Lettere_035%20copyLibroQuarto.txt	0.11773700305810397	0.46636085626911317	0.11467889908256881	0.10244648318042814	0.19877675840978593
185	file:/Applications/mallet-2.0.8RC3/catherine/letters/Lettere_035%20copyLibroQuinto.txt	0.1578125	0.30625	0.0984375	0.128125	0.309375
186	file:/Applications/mallet-2.0.8RC3/catherine/letters/Lettere_035%20copyLibroSecondo.txt	0.11959287531806616	0.09414758269720101	0.5801526717557252	0.13740458015267176	0.06870229007633588
187	file:/Applications/mallet-2.0.8RC3/catherine/letters/Lettere_035%20copyLibroTerzo.txt	0.14795918367346939	0.04081632653061224	0.5459183673469388	0.1326530612244898	0.1326530612244898
188	file:/Applications/mallet-2.0.8RC3/catherine/letters/Lettere_035.txt	0.09567901234567901	0.04938271604938271	0.6265432098765432	0.037037037037037035	0.19135802469135801
189	file:/Applications/mallet-2.0.8RC3/catherine/letters/Lettere_036%20copyLibroQuarto.txt	0.05823627287853577	0.24958402662229617	0.1048252911813644	0.46589018302828616	0.12146422628951747
190	file:/Applications/mallet-2.0.8RC3/catherine/letters/Lettere_036%20copyLibroQuinto.txt	0.03542673107890499	0.25442834138486314	0.1288244766505636	0.19806763285024154	0.3832528180354267
191	file:/Applications/mallet-2.0.8RC3/catherine/letters/Lettere_036%20copyLibroSecondo.txt	0.15568862275449102	0.1437125748502994	0.49101796407185627	0.04790419161676647	0.16167664670658682
192	file:/Applications/mallet-2.0.8RC3/catherine/letters/Lettere_036%20copyLibroTerzo.txt	0.14615384615384616	0.18846153846153846	0.21923076923076923	0.23461538461538461	0.21153846153846154
193	file:/Applications/mallet-2.0.8RC3/catherine/letters/Lettere_036.txt	0.42783505154639173	0.0429553264604811	0.19243986254295534	0.08247422680412371	0.2542955326460481
194	file:/Applications/mallet-2.0.8RC3/catherine/letters/Lettere_037%20copyLibroQuarto.txt	0.10091743119266056	0.25688073394495414	0.44036697247706424	0.14678899082568808	0.05504587155963303
195	file:/Applications/mallet-2.0.8RC3/catherine/letters/Lettere_037%20copyLibroQuinto.txt	0.0350076103500761	0.2846270928462709	0.091324200913242	0.2328767123287671	0.3561643835616438
196	file:/Applications/mallet-2.0.8RC3/catherine/letters/Lettere_037%20copyLibroSecondo.txt	0.12064343163538874	0.00804289544235925	0.48525469168900803	0.18498659517426275	0.20107238605898123
197	file:/Applications/mallet-2.0.8RC3/catherine/letters/Lettere_037%20copyLibroTerzo.txt	0.08120649651972157	0.3805104408352668	0.1554524361948956	0.18793503480278423	0.19489559164733178
198	file:/Applications/mallet-2.0.8RC3/catherine/letters/Lettere_037.txt	0.05647840531561462	0.2823920265780731	0.5182724252491694	0.10963455149501661	0.03322259136212625
199	file:/Applications/mallet-2.0.8RC3/catherine/letters/Lettere_038%20copyLibroQuarto.txt	0.004048582995951417	0.451417004048583	0.3076923076923077	0.1659919028340081	0.0708502024291498
200	file:/Applications/mallet-2.0.8RC3/catherine/letters/Lettere_038%20copyLibroQuinto.txt	0.046583850931677016	0.18167701863354038	0.10248447204968944	0.468944099378882	0.20031055900621117
201	file:/Applications/mallet-2.0.8RC3/catherine/letters/Lettere_038%20copyLibroSecondo.txt	0.13274336283185842	0.02654867256637168	0.30678466076696165	0.4837758112094395	0.05014749262536873
202	file:/Applications/mallet-2.0.8RC3/catherine/letters/Lettere_038%20copyLibroTerzo.txt	0.3155680224403927	0.10378681626928471	0.3590462833099579	0.08976157082748948	0.13183730715287517
203	file:/Applications/mallet-2.0.8RC3/catherine/letters/Lettere_038.txt	0.353215284249767	0.047530288909599254	0.1966449207828518	0.18825722273998136	0.21435228331780057
204	file:/Applications/mallet-2.0.8RC3/catherine/letters/Lettere_039%20copyLibroQuarto.txt	0.135	0.215	0.42	0.045	0.185
205	file:/Applications/mallet-2.0.8RC3/catherine/letters/Lettere_039%20copyLibroQuinto.txt	0.011574074074074073	0.26851851851851855	0.04050925925925926	0.1863425925925926	0.4930555555555556
206	file:/Applications/mallet-2.0.8RC3/catherine/letters/Lettere_039%20copyLibroSecondo.txt	0.17102966841186737	0.07504363001745201	0.38219895287958117	0.2547993019197208	0.1169284467713787
207	file:/Applications/mallet-2.0.8RC3/catherine/letters/Lettere_039%20copyLibroTerzo.txt	0.07434402332361516	0.10349854227405247	0.1924198250728863	0.36443148688046645	0.2653061224489796
208	file:/Applications/mallet-2.0.8RC3/catherine/letters/Lettere_039.txt	0.2850877192982456	0.0891812865497076	0.19736842105263158	0.18859649122807018	0.23976608187134502
209	file:/Applications/mallet-2.0.8RC3/catherine/letters/Lettere_040%20copyLibroQuarto.txt	0.2003213711837172	0.25281199785752545	0.13497589716122121	0.1242635243706481	0.2876272094268881
210	file:/Applications/mallet-2.0.8RC3/catherine/letters/Lettere_040%20copyLibroQuinto.txt	0.17234848484848486	0.3181818181818182	0.16477272727272727	0.07386363636363637	0.2708333333333333
211	file:/Applications/mallet-2.0.8RC3/catherine/letters/Lettere_040%20copyLibroSecondo.txt	0.13387978142076504	0.04371584699453552	0.2226775956284153	0.296448087431694	0.30327868852459017
212	file:/Applications/mallet-2.0.8RC3/catherine/letters/Lettere_040%20copyLibroTerzo.txt	0.14457831325301204	0.09036144578313253	0.6656626506024096	0.07530120481927711	0.024096385542168676
213	file:/Applications/mallet-2.0.8RC3/catherine/letters/Lettere_040.txt	0.09900990099009901	0.10396039603960396	0.6188118811881188	0.12871287128712872	0.04950495049504951
214	file:/Applications/mallet-2.0.8RC3/catherine/letters/Lettere_041%20copyLibroQuarto.txt	0.11645962732919254	0.29347826086956524	0.5046583850931677	0.04192546583850932	0.043478260869565216
215	file:/Applications/mallet-2.0.8RC3/catherine/letters/Lettere_041%20copyLibroQuinto.txt	0.0849609375	0.3701171875	0.109375	0.080078125	0.35546875
216	file:/Applications/mallet-2.0.8RC3/catherine/letters/Lettere_041%20copyLibroSecondo.txt	0.06351791530944625	0.1498371335504886	0.247557003257329	0.2003257328990228	0.33876221498371334
217	file:/Applications/mallet-2.0.8RC3/catherine/letters/Lettere_041%20copyLibroTerzo.txt	0.10377358490566038	0.20754716981132076	0.36792452830188677	0.2641509433962264	0.05660377358490566
218	file:/Applications/mallet-2.0.8RC3/catherine/letters/Lettere_041.txt	0.11797752808988764	0.25280898876404495	0.3792134831460674	0.06741573033707865	0.18258426966292135
219	file:/Applications/mallet-2.0.8RC3/catherine/letters/Lettere_042%20copyLibroQuarto.txt	0.0975609756097561	0.16260162601626016	0.3821138211382114	0.21951219512195122	0.13821138211382114
220	file:/Applications/mallet-2.0.8RC3/catherine/letters/Lettere_042%20copyLibroQuinto.txt	0.4276094276094276	0.02244668911335578	0.22109988776655443	0.14029180695847362	0.18855218855218855
221	file:/Applications/mallet-2.0.8RC3/catherine/letters/Lettere_042%20copyLibroSecondo.txt	0.15086206896551724	0.35344827586206895	0.25	0.13793103448275862	0.10775862068965517
222	file:/Applications/mallet-2.0.8RC3/catherine/letters/Lettere_042%20copyLibroTerzo.txt	0.0199203187250996	0.5039840637450199	0.35856573705179284	0.10358565737051793	0.013944223107569721
223	file:/Applications/mallet-2.0.8RC3/catherine/letters/Lettere_042.txt	0.09836065573770492	0.06375227686703097	0.4262295081967213	0.19489981785063754	0.2167577413479053
224	file:/Applications/mallet-2.0.8RC3/catherine/letters/Lettere_043%20copyLibroQuarto.txt	0.19583333333333333	0.2375	0.30833333333333335	0.09166666666666666	0.16666666666666666
225	file:/Applications/mallet-2.0.8RC3/catherine/letters/Lettere_043%20copyLibroQuinto.txt	0.11178247734138973	0.05740181268882175	0.2175226586102719	0.5438066465256798	0.06948640483383686
226	file:/Applications/mallet-2.0.8RC3/catherine/letters/Lettere_043%20copyLibroSecondo.txt	0.14047619047619048	0.21428571428571427	0.24523809523809523	0.24761904761904763	0.1523809523809524
227	file:/Applications/mallet-2.0.8RC3/catherine/letters/Lettere_043%20copyLibroTerzo.txt	0.10613598673300166	0.4013266998341625	0.3283582089552239	0.087893864013267	0.07628524046434494
228	file:/Applications/mallet-2.0.8RC3/catherine/letters/Lettere_043.txt	0.2159090909090909	0.30113636363636365	0.2784090909090909	0.11931818181818182	0.08522727272727272
229	file:/Applications/mallet-2.0.8RC3/catherine/letters/Lettere_044%20copyLibroQuarto.txt	0.2067137809187279	0.22614840989399293	0.26501766784452296	0.196113074204947	0.10600706713780919
230	file:/Applications/mallet-2.0.8RC3/catherine/letters/Lettere_044%20copyLibroQuinto.txt	0.2994791666666667	0.10677083333333333	0.2760416666666667	0.1953125	0.12239583333333333
231	file:/Applications/mallet-2.0.8RC3/catherine/letters/Lettere_044%20copyLibroSecondo.txt	0.07281553398058252	0.1941747572815534	0.587378640776699	0.009708737864077669	0.13592233009708737
232	file:/Applications/mallet-2.0.8RC3/catherine/letters/Lettere_044%20copyLibroTerzo.txt	0.06666666666666667	0.3641025641025641	0.358974358974359	0.06666666666666667	0.14358974358974358
233	file:/Applications/mallet-2.0.8RC3/catherine/letters/Lettere_044.txt	0.3469551282051282	0.024839743589743588	0.07051282051282051	0.1891025641025641	0.3685897435897436
234	file:/Applications/mallet-2.0.8RC3/catherine/letters/Lettere_045%20copyLibroQuarto.txt	0.16339869281045752	0.3660130718954248	0.3660130718954248	0.08496732026143791	0.0196078431372549
235	file:/Applications/mallet-2.0.8RC3/catherine/letters/Lettere_045%20copyLibroQuinto.txt	0.2419753086419753	0.10123456790123457	0.2222222222222222	0.4123456790123457	0.022222222222222223
236	file:/Applications/mallet-2.0.8RC3/catherine/letters/Lettere_045%20copyLibroSecondo.txt	0.134375	0.334375	0.309375	0.071875	0.15
237	file:/Applications/mallet-2.0.8RC3/catherine/letters/Lettere_045%20copyLibroTerzo.txt	0.24257425742574257	0.08085808580858085	0.17656765676567657	0.28052805280528054	0.21947194719471946
238	file:/Applications/mallet-2.0.8RC3/catherine/letters/Lettere_045.txt	0.13333333333333333	0.044444444444444446	0.4444444444444444	0.06666666666666667	0.3111111111111111
239	file:/Applications/mallet-2.0.8RC3/catherine/letters/Lettere_046%20copyLibroQuarto.txt	0.05443548387096774	0.3548387096774194	0.2600806451612903	0.2157258064516129	0.11491935483870967
240	file:/Applications/mallet-2.0.8RC3/catherine/letters/Lettere_046%20copyLibroQuinto.txt	0.1073326248671626	0.2412327311370882	0.09139213602550478	0.2603613177470776	0.29968119022316686
241	file:/Applications/mallet-2.0.8RC3/catherine/letters/Lettere_046%20copyLibroSecondo.txt	0.26573426573426573	0.21212121212121213	0.2261072261072261	0.11888111888111888	0.17715617715617715
242	file:/Applications/mallet-2.0.8RC3/catherine/letters/Lettere_046%20copyLibroTerzo.txt	0.022641509433962263	0.4037735849056604	0.4377358490566038	0.06037735849056604	0.07547169811320754
243	file:/Applications/mallet-2.0.8RC3/catherine/letters/Lettere_046.txt	0.0821917808219178	0.0273972602739726	0.5205479452054794	0.0821917808219178	0.2876712328767123
244	file:/Applications/mallet-2.0.8RC3/catherine/letters/Lettere_047%20copyLibroQuarto.txt	0.15010141987829614	0.060851926977687626	0.18864097363083165	0.3225152129817444	0.2778904665314402
245	file:/Applications/mallet-2.0.8RC3/catherine/letters/Lettere_047%20copyLibroQuinto.txt	0.04562043795620438	0.10218978102189781	0.14051094890510948	0.4835766423357664	0.2281021897810219
246	file:/Applications/mallet-2.0.8RC3/catherine/letters/Lettere_047%20copyLibroSecondo.txt	0.17195767195767195	0.17195767195767195	0.3915343915343915	0.15343915343915343	0.1111111111111111
247	file:/Applications/mallet-2.0.8RC3/catherine/letters/Lettere_047%20copyLibroTerzo.txt	0.2852852852852853	0.06006006006006006	0.4144144144144144	0.003003003003003003	0.23723723723723725
248	file:/Applications/mallet-2.0.8RC3/catherine/letters/Lettere_047.txt	0.4489795918367347	0.015873015873015872	0.17006802721088435	0.23582766439909297	0.1292517006802721
249	file:/Applications/mallet-2.0.8RC3/catherine/letters/Lettere_048%20copyLibroQuarto.txt	0.013422818791946308	0.40939597315436244	0.4697986577181208	0.026845637583892617	0.08053691275167785
250	file:/Applications/mallet-2.0.8RC3/catherine/letters/Lettere_048%20copyLibroQuinto.txt	0.18248175182481752	0.058394160583941604	0.6131386861313869	0.051094890510948905	0.0948905109489051
251	file:/Applications/mallet-2.0.8RC3/catherine/letters/Lettere_048%20copyLibroSecondo.txt	0.08542713567839195	0.31155778894472363	0.06030150753768844	0.23618090452261306	0.3065326633165829
252	file:/Applications/mallet-2.0.8RC3/catherine/letters/Lettere_048%20copyLibroTerzo.txt	0.14695340501792115	0.1827956989247312	0.35125448028673834	0.24731182795698925	0.07168458781362007
253	file:/Applications/mallet-2.0.8RC3/catherine/letters/Lettere_048.txt	0.30434782608695654	0.043478260869565216	0.34096109839816935	0.2288329519450801	0.08237986270022883
254	file:/Applications/mallet-2.0.8RC3/catherine/letters/Lettere_049%20copyLibroQuarto.txt	0.05319148936170213	0.10638297872340426	0.48936170212765956	0.18085106382978725	0.1702127659574468
255	file:/Applications/mallet-2.0.8RC3/catherine/letters/Lettere_049%20copyLibroQuinto.txt	0.26127527216174184	0.03421461897356143	0.28771384136858474	0.31259720062208396	0.104199066874028
256	file:/Applications/mallet-2.0.8RC3/catherine/letters/Lettere_049%20copyLibroSecondo.txt	0.107981220657277	0.1596244131455399	0.2511737089201878	0.19483568075117372	0.2863849765258216
257	file:/Applications/mallet-2.0.8RC3/catherine/letters/Lettere_049%20copyLibroTerzo.txt	0.29015544041450775	0.06865284974093264	0.13601036269430053	0.3393782383419689	0.16580310880829016
258	file:/Applications/mallet-2.0.8RC3/catherine/letters/Lettere_049.txt	0.1978021978021978	0.06593406593406594	0.22802197802197802	0.3956043956043956	0.11263736263736264
259	file:/Applications/mallet-2.0.8RC3/catherine/letters/Lettere_050%20copyLibroQuarto.txt	0.2444794952681388	0.2949526813880126	0.16246056782334384	0.1498422712933754	0.14826498422712933
260	file:/Applications/mallet-2.0.8RC3/catherine/letters/Lettere_050%20copyLibroQuinto.txt	0.08540925266903915	0.17793594306049823	0.16370106761565836	0.33807829181494664	0.23487544483985764
261	file:/Applications/mallet-2.0.8RC3/catherine/letters/Lettere_050%20copyLibroSecondo.txt	0.2025948103792415	0.020958083832335328	0.23552894211576847	0.25848303393213573	0.282435129740519
262	file:/Applications/mallet-2.0.8RC3/catherine/letters/Lettere_050%20copyLibroTerzo.txt	0.3064971751412429	0.03389830508474576	0.1172316384180791	0.13559322033898305	0.4067796610169492
263	file:/Applications/mallet-2.0.8RC3/catherine/letters/Lettere_050.txt	0.07692307692307693	0.28717948717948716	0.4	0.14871794871794872	0.08717948717948718
264	file:/Applications/mallet-2.0.8RC3/catherine/letters/Lettere_051%20copyLibroQuarto.txt	0.08056872037914692	0.33175355450236965	0.5213270142180095	0.009478672985781991	0.05687203791469194
265	file:/Applications/mallet-2.0.8RC3/catherine/letters/Lettere_051%20copyLibroQuinto.txt	0.05944055944055944	0.22377622377622378	0.17016317016317017	0.23193473193473194	0.3146853146853147
266	file:/Applications/mallet-2.0.8RC3/catherine/letters/Lettere_051%20copyLibroSecondo.txt	0.10779220779220779	0.2597402597402597	0.41688311688311686	0.12727272727272726	0.08831168831168831
267	file:/Applications/mallet-2.0.8RC3/catherine/letters/Lettere_051%20copyLibroTerzo.txt	0.176	0.048	0.464	0.04	0.272
268	file:/Applications/mallet-2.0.8RC3/catherine/letters/Lettere_051.txt	0.3260340632603406	0.0170316301703163	0.26763990267639903	0.13381995133819952	0.25547445255474455
269	file:/Applications/mallet-2.0.8RC3/catherine/letters/Lettere_052%20copyLibroQuarto.txt	0.061068702290076333	0.3148854961832061	0.1965648854961832	0.06679389312977099	0.3606870229007634
270	file:/Applications/mallet-2.0.8RC3/catherine/letters/Lettere_052%20copyLibroQuinto.txt	0.08525033829499323	0.09607577807848444	0.1880920162381597	0.41136671177266576	0.21921515561569688
271	file:/Applications/mallet-2.0.8RC3/catherine/letters/Lettere_052%20copyLibroSecondo.txt	0.3142857142857143	0.10714285714285714	0.16904761904761906	0.22142857142857142	0.1880952380952381
272	file:/Applications/mallet-2.0.8RC3/catherine/letters/Lettere_052%20copyLibroTerzo.txt	0.0019569471624266144	0.5831702544031311	0.15459882583170254	0.12133072407045009	0.13894324853228962
273	file:/Applications/mallet-2.0.8RC3/catherine/letters/Lettere_052.txt	0.16878402903811252	0.043557168784029036	0.5136116152450091	0.15063520871143377	0.12341197822141561
274	file:/Applications/mallet-2.0.8RC3/catherine/letters/Lettere_053%20copyLibroQuarto.txt	0.052054794520547946	0.5232876712328767	0.21095890410958903	0.18082191780821918	0.03287671232876712
275	file:/Applications/mallet-2.0.8RC3/catherine/letters/Lettere_053%20copyLibroQuinto.txt	0.11310592459605028	0.5368043087971275	0.05745062836624776	0.1490125673249551	0.1436265709156194
276	file:/Applications/mallet-2.0.8RC3/catherine/letters/Lettere_053%20copyLibroSecondo.txt	0.11964285714285715	0.2732142857142857	0.24642857142857144	0.04285714285714286	0.31785714285714284
277	file:/Applications/mallet-2.0.8RC3/catherine/letters/Lettere_053%20copyLibroTerzo.txt	0.09644670050761421	0.15736040609137056	0.5050761421319797	0.09137055837563451	0.14974619289340102
278	file:/Applications/mallet-2.0.8RC3/catherine/letters/Lettere_053.txt	0.2830188679245283	0.06289308176100629	0.4779874213836478	0.1069182389937107	0.06918238993710692
279	file:/Applications/mallet-2.0.8RC3/catherine/letters/Lettere_054%20copyLibroQuarto.txt	0.02459016393442623	0.26229508196721313	0.4426229508196721	0.05327868852459016	0.21721311475409835
280	file:/Applications/mallet-2.0.8RC3/catherine/letters/Lettere_054%20copyLibroQuinto.txt	0.21756487025948104	0.4091816367265469	0.17365269461077845	0.06187624750499002	0.1377245508982036
281	file:/Applications/mallet-2.0.8RC3/catherine/letters/Lettere_054%20copyLibroSecondo.txt	0.05627705627705628	0.30735930735930733	0.3203463203463203	0.1471861471861472	0.16883116883116883
282	file:/Applications/mallet-2.0.8RC3/catherine/letters/Lettere_054%20copyLibroTerzo.txt	0.12062256809338522	0.14396887159533073	0.6731517509727627	0.038910505836575876	0.023346303501945526
283	file:/Applications/mallet-2.0.8RC3/catherine/letters/Lettere_054.txt	0.08634538152610442	0.050200803212851405	0.21084337349397592	0.26907630522088355	0.38353413654618473
284	file:/Applications/mallet-2.0.8RC3/catherine/letters/Lettere_055%20copyLibroQuarto.txt	0.3312368972746331	0.07756813417190776	0.19811320754716982	0.1069182389937107	0.2861635220125786
285	file:/Applications/mallet-2.0.8RC3/catherine/letters/Lettere_055%20copyLibroQuinto.txt	0.1750503018108652	0.01006036217303823	0.2977867203219316	0.3299798792756539	0.18712273641851107
286	file:/Applications/mallet-2.0.8RC3/catherine/letters/Lettere_055%20copyLibroSecondo.txt	0.05555555555555555	0.2716049382716049	0.5411522633744856	0.012345679012345678	0.11934156378600823
287	file:/Applications/mallet-2.0.8RC3/catherine/letters/Lettere_055%20copyLibroTerzo.txt	0.2231237322515213	0.059837728194726165	0.15314401622718052	0.30324543610547666	0.2606490872210953
288	file:/Applications/mallet-2.0.8RC3/catherine/letters/Lettere_055.txt	0.13578680203045684	0.1319796954314721	0.36928934010152287	0.16116751269035534	0.2017766497461929
289	file:/Applications/mallet-2.0.8RC3/catherine/letters/Lettere_056%20copyLibroQuarto.txt	0.17045454545454544	0.14772727272727273	0.5227272727272727	0.03409090909090909	0.125
290	file:/Applications/mallet-2.0.8RC3/catherine/letters/Lettere_056%20copyLibroQuinto.txt	0.03375527426160337	0.48945147679324896	0.03164556962025317	0.229957805907173	0.21518987341772153
291	file:/Applications/mallet-2.0.8RC3/catherine/letters/Lettere_056%20copyLibroSecondo.txt	0.11253196930946291	0.3375959079283887	0.391304347826087	0.07672634271099744	0.08184143222506395
292	file:/Applications/mallet-2.0.8RC3/catherine/letters/Lettere_056%20copyLibroTerzo.txt	0.03146374829001368	0.39261285909712723	0.33515731874145005	0.19288645690834474	0.047879616963064295
293	file:/Applications/mallet-2.0.8RC3/catherine/letters/Lettere_056.txt	0.05527638190954774	0.04020100502512563	0.6582914572864321	0.12562814070351758	0.12060301507537688
294	file:/Applications/mallet-2.0.8RC3/catherine/letters/Lettere_057%20copyLibroQuarto.txt	0.03468208092485549	0.1791907514450867	0.4682080924855491	0.19653179190751446	0.12138728323699421
295	file:/Applications/mallet-2.0.8RC3/catherine/letters/Lettere_057%20copyLibroQuinto.txt	0.052980132450331126	0.2847682119205298	0.44370860927152317	0.11920529801324503	0.09933774834437085
296	file:/Applications/mallet-2.0.8RC3/catherine/letters/Lettere_057%20copyLibroSecondo.txt	0.2222222222222222	0.06613756613756613	0.2751322751322751	0.14285714285714285	0.29365079365079366
297	file:/Applications/mallet-2.0.8RC3/catherine/letters/Lettere_057%20copyLibroTerzo.txt	0.3104693140794224	0.22202166064981949	0.26173285198555957	0.09025270758122744	0.11552346570397112
298	file:/Applications/mallet-2.0.8RC3/catherine/letters/Lettere_057.txt	0.1334841628959276	0.05429864253393665	0.29411764705882354	0.08144796380090498	0.43665158371040724
299	file:/Applications/mallet-2.0.8RC3/catherine/letters/Lettere_058%20copyLibroQuarto.txt	0.10267857142857142	0.20535714285714285	0.33035714285714285	0.16517857142857142	0.19642857142857142
300	file:/Applications/mallet-2.0.8RC3/catherine/letters/Lettere_058%20copyLibroQuinto.txt	0.08843537414965986	0.049886621315192746	0.31519274376417233	0.3786848072562358	0.16780045351473924
301	file:/Applications/mallet-2.0.8RC3/catherine/letters/Lettere_058%20copyLibroSecondo.txt	0.0888030888030888	0.138996138996139	0.5521235521235521	0.20077220077220076	0.019305019305019305
302	file:/Applications/mallet-2.0.8RC3/catherine/letters/Lettere_058%20copyLibroTerzo.txt	0.23383084577114427	0.012437810945273632	0.24875621890547264	0.48009950248756217	0.024875621890547265
303	file:/Applications/mallet-2.0.8RC3/catherine/letters/Lettere_058.txt	0.03731343283582089	0.208955223880597	0.40298507462686567	0.21641791044776118	0.13432835820895522
304	file:/Applications/mallet-2.0.8RC3/catherine/letters/Lettere_059%20copyLibroQuarto.txt	0.12919896640826872	0.4806201550387597	0.10981912144702842	0.1847545219638243	0.09560723514211886
305	file:/Applications/mallet-2.0.8RC3/catherine/letters/Lettere_059%20copyLibroQuinto.txt	0.1	0.5916666666666667	0.075	0.06111111111111111	0.17222222222222222
306	file:/Applications/mallet-2.0.8RC3/catherine/letters/Lettere_059%20copyLibroSecondo.txt	0.11708860759493671	0.1550632911392405	0.36075949367088606	0.14556962025316456	0.22151898734177214
307	file:/Applications/mallet-2.0.8RC3/catherine/letters/Lettere_059%20copyLibroTerzo.txt	0.06593406593406594	0.42857142857142855	0.4725274725274725	0.02197802197802198	0.01098901098901099
308	file:/Applications/mallet-2.0.8RC3/catherine/letters/Lettere_059.txt	0.27459016393442626	0.12295081967213115	0.35655737704918034	0.22131147540983606	0.02459016393442623
309	file:/Applications/mallet-2.0.8RC3/catherine/letters/Lettere_060%20copyLibroQuarto.txt	0.06666666666666667	0.18518518518518517	0.42592592592592593	0.25555555555555554	0.06666666666666667
310	file:/Applications/mallet-2.0.8RC3/catherine/letters/Lettere_060%20copyLibroQuinto.txt	0.1746641074856046	0.09788867562380038	0.1689059500959693	0.24088291746641075	0.31765834932821496
311	file:/Applications/mallet-2.0.8RC3/catherine/letters/Lettere_060%20copyLibroSecondo.txt	0.07627118644067797	0.16101694915254236	0.6129943502824858	0.0903954802259887	0.059322033898305086
312	file:/Applications/mallet-2.0.8RC3/catherine/letters/Lettere_060%20copyLibroTerzo.txt	0.3493708364174685	0.06661732050333087	0.08660251665433012	0.2857142857142857	0.21169504071058476
313	file:/Applications/mallet-2.0.8RC3/catherine/letters/Lettere_060.txt	0.016359918200409	0.22699386503067484	0.3333333333333333	0.21881390593047034	0.20449897750511248
314	file:/Applications/mallet-2.0.8RC3/catherine/letters/Lettere_061%20copyLibroQuarto.txt	0.18181818181818182	0.0053475935828877	0.5668449197860963	0.19786096256684493	0.0481283422459893
315	file:/Applications/mallet-2.0.8RC3/catherine/letters/Lettere_061%20copyLibroQuinto.txt	0.04884004884004884	0.21001221001221002	0.17338217338217338	0.22466422466422467	0.3431013431013431
316	file:/Applications/mallet-2.0.8RC3/catherine/letters/Lettere_061%20copyLibroSecondo.txt	0.02564102564102564	0.4717948717948718	0.24102564102564103	0.2	0.06153846153846154
317	file:/Applications/mallet-2.0.8RC3/catherine/letters/Lettere_061%20copyLibroTerzo.txt	0.23837209302325582	0.10382059800664452	0.15033222591362128	0.4219269102990033	0.08554817275747509
318	file:/Applications/mallet-2.0.8RC3/catherine/letters/Lettere_061.txt	0.037037037037037035	0.10699588477366255	0.5308641975308642	0.2139917695473251	0.1111111111111111
319	file:/Applications/mallet-2.0.8RC3/catherine/letters/Lettere_062%20copyLibroQuarto.txt	0.1490787269681742	0.1373534338358459	0.19932998324958123	0.19430485762144054	0.31993299832495814
320	file:/Applications/mallet-2.0.8RC3/catherine/letters/Lettere_062%20copyLibroQuinto.txt	0.17350157728706625	0.45320715036803366	0.13459516298633017	0.054679284963196635	0.18401682439537329
321	file:/Applications/mallet-2.0.8RC3/catherine/letters/Lettere_062%20copyLibroSecondo.txt	0.0726950354609929	0.20921985815602837	0.34574468085106386	0.29609929078014185	0.07624113475177305
322	file:/Applications/mallet-2.0.8RC3/catherine/letters/Lettere_062%20copyLibroTerzo.txt	0.033210332103321034	0.551660516605166	0.14391143911439114	0.15867158671586715	0.11254612546125461
323	file:/Applications/mallet-2.0.8RC3/catherine/letters/Lettere_062.txt	0.1891891891891892	0.4648648648648649	0.21621621621621623	0.03783783783783784	0.0918918918918919
324	file:/Applications/mallet-2.0.8RC3/catherine/letters/Lettere_063%20copyLibroQuarto.txt	0.18503118503118504	0.3596673596673597	0.2494802494802495	0.02494802494802495	0.18087318087318088
325	file:/Applications/mallet-2.0.8RC3/catherine/letters/Lettere_063%20copyLibroQuinto.txt	0.20210526315789473	0.22736842105263158	0.23789473684210527	0.16842105263157894	0.16421052631578947
326	file:/Applications/mallet-2.0.8RC3/catherine/letters/Lettere_063%20copyLibroSecondo.txt	0.052752293577981654	0.17889908256880735	0.38073394495412843	0.22935779816513763	0.15825688073394495
327	file:/Applications/mallet-2.0.8RC3/catherine/letters/Lettere_063%20copyLibroTerzo.txt	0.058577405857740586	0.28870292887029286	0.4602510460251046	0.1589958158995816	0.03347280334728033
328	file:/Applications/mallet-2.0.8RC3/catherine/letters/Lettere_063.txt	0.20063694267515925	0.1305732484076433	0.4840764331210191	0.1337579617834395	0.050955414012738856
329	file:/Applications/mallet-2.0.8RC3/catherine/letters/Lettere_064%20copyLibroQuarto.txt	0.14038461538461539	0.38846153846153847	0.20384615384615384	0.08269230769230769	0.18461538461538463
330	file:/Applications/mallet-2.0.8RC3/catherine/letters/Lettere_064%20copyLibroQuinto.txt	0.2027729636048527	0.23050259965337955	0.21663778162911612	0.09705372616984402	0.2530329289428076
331	file:/Applications/mallet-2.0.8RC3/catherine/letters/Lettere_064%20copyLibroSecondo.txt	0.0421455938697318	0.1896551724137931	0.4521072796934866	0.16091954022988506	0.15517241379310345
332	file:/Applications/mallet-2.0.8RC3/catherine/letters/Lettere_064%20copyLibroTerzo.txt	0.04682779456193353	0.6057401812688822	0.1782477341389728	0.10725075528700906	0.061933534743202415
333	file:/Applications/mallet-2.0.8RC3/catherine/letters/Lettere_064.txt	0.17170111287758347	0.030206677265500796	0.2289348171701113	0.287758346581876	0.28139904610492844
334	file:/Applications/mallet-2.0.8RC3/catherine/letters/Lettere_065%20copyLibroQuarto.txt	0.19466666666666665	0.06133333333333333	0.3546666666666667	0.216	0.17333333333333334
335	file:/Applications/mallet-2.0.8RC3/catherine/letters/Lettere_065%20copyLibroSecondo.txt	0.06735751295336788	0.27979274611398963	0.5181347150259067	0.025906735751295335	0.10880829015544041
336	file:/Applications/mallet-2.0.8RC3/catherine/letters/Lettere_065%20copyLibroTerzo.txt	0.17896678966789667	0.4003690036900369	0.30996309963099633	0.08118081180811808	0.02952029520295203
337	file:/Applications/mallet-2.0.8RC3/catherine/letters/Lettere_065.txt	0.40594059405940597	0.06930693069306931	0.09618104667609619	0.12871287128712872	0.29985855728429983
338	file:/Applications/mallet-2.0.8RC3/catherine/letters/Lettere_066%20copyLibroQuarto.txt	0.24651162790697675	0.3767441860465116	0.23255813953488372	0.06511627906976744	0.07906976744186046
339	file:/Applications/mallet-2.0.8RC3/catherine/letters/Lettere_066%20copyLibroSecondo.txt	0.10714285714285714	0.1388888888888889	0.6349206349206349	0.05555555555555555	0.06349206349206349
340	file:/Applications/mallet-2.0.8RC3/catherine/letters/Lettere_066%20copyLibroTerzo.txt	0.2081447963800905	0.27828054298642535	0.28054298642533937	0.19230769230769232	0.04072398190045249
341	file:/Applications/mallet-2.0.8RC3/catherine/letters/Lettere_066.txt	0.12137203166226913	0.31398416886543534	0.3482849604221636	0.11081794195250659	0.10554089709762533
342	file:/Applications/mallet-2.0.8RC3/catherine/letters/Lettere_067%20copyLibroQuarto.txt	0.06481481481481481	0.023148148148148147	0.2	0.45092592592592595	0.2611111111111111
343	file:/Applications/mallet-2.0.8RC3/catherine/letters/Lettere_067%20copyLibroSecondo.txt	0.07920792079207921	0.19801980198019803	0.5198019801980198	0.019801980198019802	0.18316831683168316
344	file:/Applications/mallet-2.0.8RC3/catherine/letters/Lettere_067%20copyLibroTerzo.txt	0.5076923076923077	0.09871794871794871	0.23333333333333334	0.035897435897435895	0.12435897435897436
345	file:/Applications/mallet-2.0.8RC3/catherine/letters/Lettere_067.txt	0.24403669724770644	0.05504587155963303	0.1853211009174312	0.3908256880733945	0.12477064220183487
346	file:/Applications/mallet-2.0.8RC3/catherine/letters/Lettere_068%20copyLibroQuarto.txt	0.08	0.2	0.6533333333333333	0.05333333333333334	0.013333333333333334
347	file:/Applications/mallet-2.0.8RC3/catherine/letters/Lettere_068%20copyLibroSecondo.txt	0.07191780821917808	0.2636986301369863	0.5753424657534246	0.030821917808219176	0.05821917808219178
348	file:/Applications/mallet-2.0.8RC3/catherine/letters/Lettere_068%20copyLibroTerzo.txt	0.1393258426966292	0.28314606741573034	0.2247191011235955	0.25617977528089886	0.09662921348314607
349	file:/Applications/mallet-2.0.8RC3/catherine/letters/Lettere_068.txt	0.14093959731543623	0.05704697986577181	0.46308724832214765	0.1644295302013423	0.174496644295302
350	file:/Applications/mallet-2.0.8RC3/catherine/letters/Lettere_069%20copyLibroQuarto.txt	0.15073529411764705	0.07230392156862746	0.13970588235294118	0.25980392156862747	0.37745098039215685
351	file:/Applications/mallet-2.0.8RC3/catherine/letters/Lettere_069%20copyLibroSecondo.txt	0.034482758620689655	0.41379310344827586	0.3793103448275862	0.10837438423645321	0.06403940886699508
352	file:/Applications/mallet-2.0.8RC3/catherine/letters/Lettere_069%20copyLibroTerzo.txt	0.270392749244713	0.04078549848942598	0.3806646525679758	0.17371601208459214	0.13444108761329304
353	file:/Applications/mallet-2.0.8RC3/catherine/letters/Lettere_069.txt	0.10396039603960396	0.06930693069306931	0.4504950495049505	0.20544554455445543	0.1707920792079208
354	file:/Applications/mallet-2.0.8RC3/catherine/letters/Lettere_070%20copyLibroQuarto.txt	0.1501597444089457	0.5271565495207667	0.12140575079872204	0.07028753993610223	0.13099041533546327
355	file:/Applications/mallet-2.0.8RC3/catherine/letters/Lettere_070%20copyLibroSecondo.txt	0.051964512040557666	0.2813688212927757	0.10519645120405577	0.33713561470215464	0.22433460076045628
356	file:/Applications/mallet-2.0.8RC3/catherine/letters/Lettere_070%20copyLibroTerzo.txt	0.04024767801857585	0.0804953560371517	0.44272445820433437	0.20743034055727555	0.22910216718266255
357	file:/Applications/mallet-2.0.8RC3/catherine/letters/Lettere_070.txt	0.04590163934426229	0.3540983606557377	0.43278688524590164	0.09836065573770492	0.06885245901639345
358	file:/Applications/mallet-2.0.8RC3/catherine/letters/Lettere_071%20copyLibroQuarto.txt	0.03571428571428571	0.5714285714285714	0.25	0.05102040816326531	0.09183673469387756
359	file:/Applications/mallet-2.0.8RC3/catherine/letters/Lettere_071%20copyLibroSecondo.txt	0.0440251572327044	0.14255765199161424	0.6436058700209644	0.050314465408805034	0.11949685534591195
360	file:/Applications/mallet-2.0.8RC3/catherine/letters/Lettere_071%20copyLibroTerzo.txt	0.15584415584415584	0.13636363636363635	0.4935064935064935	0.06493506493506493	0.14935064935064934
361	file:/Applications/mallet-2.0.8RC3/catherine/letters/Lettere_071.txt	0.25125628140703515	0.08919597989949749	0.2537688442211055	0.1934673366834171	0.21231155778894473
362	file:/Applications/mallet-2.0.8RC3/catherine/letters/Lettere_072%20copyLibroQuarto.txt	0.0539568345323741	0.3489208633093525	0.22482014388489208	0.17625899280575538	0.1960431654676259
363	file:/Applications/mallet-2.0.8RC3/catherine/letters/Lettere_072%20copyLibroSecondo.txt	0.07692307692307693	0.1834319526627219	0.39349112426035504	0.12130177514792899	0.22485207100591717
364	file:/Applications/mallet-2.0.8RC3/catherine/letters/Lettere_072%20copyLibroTerzo.txt	0.2903225806451613	0.07012622720897616	0.33099579242636745	0.2426367461430575	0.06591865357643759
365	file:/Applications/mallet-2.0.8RC3/catherine/letters/Lettere_072.txt	0.2699468085106383	0.09973404255319149	0.1595744680851064	0.12101063829787234	0.3497340425531915
366	file:/Applications/mallet-2.0.8RC3/catherine/letters/Lettere_073%20copyLibroQuarto.txt	0.08827785817655572	0.3516642547033285	0.14037626628075253	0.08683068017366136	0.33285094066570187
367	file:/Applications/mallet-2.0.8RC3/catherine/letters/Lettere_073%20copyLibroSecondo.txt	0.09138381201044386	0.25326370757180156	0.5430809399477807	0.08616187989556136	0.02610966057441253
368	file:/Applications/mallet-2.0.8RC3/catherine/letters/Lettere_073%20copyLibroTerzo.txt	0.119533527696793	0.07580174927113703	0.446064139941691	0.061224489795918366	0.29737609329446063
369	file:/Applications/mallet-2.0.8RC3/catherine/letters/Lettere_073.txt	0.08093994778067885	0.2349869451697128	0.577023498694517	0.0783289817232376	0.028720626631853787
370	file:/Applications/mallet-2.0.8RC3/catherine/letters/Lettere_074%20copyLibroQuarto.txt	0.03734439834024896	0.4190871369294606	0.22821576763485477	0.05186721991701245	0.26348547717842324
371	file:/Applications/mallet-2.0.8RC3/catherine/letters/Lettere_074%20copyLibroSecondo.txt	0.023554603854389723	0.09207708779443255	0.6188436830835118	0.055674518201284794	0.20985010706638116
372	file:/Applications/mallet-2.0.8RC3/catherine/letters/Lettere_074%20copyLibroTerzo.txt	0.09734513274336283	0.13864306784660768	0.584070796460177	0.08259587020648967	0.09734513274336283
373	file:/Applications/mallet-2.0.8RC3/catherine/letters/Lettere_074.txt	0.027837259100642397	0.09850107066381156	0.6059957173447538	0.06209850107066381	0.20556745182012848
374	file:/Applications/mallet-2.0.8RC3/catherine/letters/Lettere_075%20copyLibroQuarto.txt	0.0962406015037594	0.07218045112781955	0.16390977443609023	0.23308270676691728	0.4345864661654135
375	file:/Applications/mallet-2.0.8RC3/catherine/letters/Lettere_075%20copyLibroSecondo.txt	0.018209408194233688	0.34142640364188165	0.40819423368740515	0.17298937784522003	0.05918057663125948
376	file:/Applications/mallet-2.0.8RC3/catherine/letters/Lettere_075%20copyLibroTerzo.txt	0.023715415019762844	0.6126482213438735	0.26877470355731226	0.04743083003952569	0.04743083003952569
377	file:/Applications/mallet-2.0.8RC3/catherine/letters/Lettere_075.txt	0.02276176024279211	0.3353566009104704	0.3899848254931715	0.17298937784522003	0.07890743550834597
378	file:/Applications/mallet-2.0.8RC3/catherine/letters/Lettere_076%20copyLibroQuarto.txt	0.15584415584415584	0.2532467532467532	0.3474025974025974	0.08766233766233766	0.15584415584415584
379	file:/Applications/mallet-2.0.8RC3/catherine/letters/Lettere_076%20copyLibroSecondo.txt	0.3761904761904762	0.05714285714285714	0.15873015873015872	0.014285714285714285	0.39365079365079364
380	file:/Applications/mallet-2.0.8RC3/catherine/letters/Lettere_076%20copyLibroTerzo.txt	0.06006006006006006	0.4924924924924925	0.21921921921921922	0.12312312312312312	0.10510510510510511
381	file:/Applications/mallet-2.0.8RC3/catherine/letters/Lettere_076.txt	0.38095238095238093	0.046031746031746035	0.16507936507936508	0.015873015873015872	0.39206349206349206
382	file:/Applications/mallet-2.0.8RC3/catherine/letters/Lettere_077%20copyLibroQuarto.txt	0.18895348837209303	0.10319767441860465	0.3561046511627907	0.14244186046511628	0.20930232558139536
383	file:/Applications/mallet-2.0.8RC3/catherine/letters/Lettere_077%20copyLibroSecondo.txt	0.2774327122153209	0.004140786749482402	0.2525879917184265	0.3105590062111801	0.15527950310559005
384	file:/Applications/mallet-2.0.8RC3/catherine/letters/Lettere_077%20copyLibroTerzo.txt	0.08873720136518772	0.27986348122866894	0.5494880546075085	0.06484641638225255	0.017064846416382253
385	file:/Applications/mallet-2.0.8RC3/catherine/letters/Lettere_077.txt	0.2774327122153209	0.006211180124223602	0.2546583850931677	0.2939958592132505	0.16770186335403728
386	file:/Applications/mallet-2.0.8RC3/catherine/letters/Lettere_078%20copyLibroQuarto.txt	0.07563025210084033	0.33361344537815124	0.040336134453781515	0.14201680672268907	0.4084033613445378
387	file:/Applications/mallet-2.0.8RC3/catherine/letters/Lettere_078%20copyLibroSecondo.txt	0.01201923076923077	0.2956730769230769	0.5	0.18269230769230768	0.009615384615384616
388	file:/Applications/mallet-2.0.8RC3/catherine/letters/Lettere_078%20copyLibroTerzo.txt	0.0724191063174114	0.28197226502311246	0.3852080123266564	0.17257318952234207	0.08782742681047766
389	file:/Applications/mallet-2.0.8RC3/catherine/letters/Lettere_078.txt	0.028846153846153848	0.2764423076923077	0.5216346153846154	0.16105769230769232	0.01201923076923077
390	file:/Applications/mallet-2.0.8RC3/catherine/letters/Lettere_079%20copyLibroQuarto.txt	0.09448818897637795	0.2125984251968504	0.6220472440944882	0.03937007874015748	0.031496062992125984
391	file:/Applications/mallet-2.0.8RC3/catherine/letters/Lettere_079%20copyLibroSecondo.txt	0.0072992700729927005	0.043795620437956206	0.8832116788321168	0.0072992700729927005	0.058394160583941604
392	file:/Applications/mallet-2.0.8RC3/catherine/letters/Lettere_079%20copyLibroTerzo.txt	0.014705882352941176	0.6176470588235294	0.09803921568627451	0.09803921568627451	0.1715686274509804
393	file:/Applications/mallet-2.0.8RC3/catherine/letters/Lettere_079.txt	0.0072992700729927005	0.072992700729927	0.8686131386861314	0.0072992700729927005	0.043795620437956206
394	file:/Applications/mallet-2.0.8RC3/catherine/letters/Lettere_080%20copyLibroQuarto.txt	0.15846994535519127	0.08196721311475409	0.30418943533697634	0.17122040072859745	0.28415300546448086
395	file:/Applications/mallet-2.0.8RC3/catherine/letters/Lettere_080%20copyLibroSecondo.txt	0.004405286343612335	0.13215859030837004	0.6519823788546255	0.20704845814977973	0.004405286343612335
396	file:/Applications/mallet-2.0.8RC3/catherine/letters/Lettere_080%20copyLibroTerzo.txt	0.14389233954451347	0.2712215320910973	0.4451345755693582	0.09420289855072464	0.045548654244306416
397	file:/Applications/mallet-2.0.8RC3/catherine/letters/Lettere_080.txt	0.004405286343612335	0.11894273127753303	0.7048458149779736	0.16740088105726872	0.004405286343612335
398	file:/Applications/mallet-2.0.8RC3/catherine/letters/Lettere_081%20copyLibroSecondo.txt	0.009615384615384616	0.04807692307692308	0.8509615384615384	0.03365384615384615	0.057692307692307696
399	file:/Applications/mallet-2.0.8RC3/catherine/letters/Lettere_081.txt	0.019230769230769232	0.07692307692307693	0.8317307692307693	0.019230769230769232	0.052884615384615384
